Case #1:
472826.35449517437
11059.940596585498
7811.695956223286
18313.067123068955
229899229.20280233
864170501.0
472826.35449517437
472826.35449517437
88.28363381737297
Case #2:
239.64557162609952
10.0
1520.5457248327614
59926.562097984075
1622.53671975897
740.9586642886709
44.77743520071981
1847.5007928032073
6582.629040048981
Case #3:
6187166.091208478
12606.688033992355
90387.21510811138
632627725.3157471
928486.2558598252
78429.99821286468
69505.41025256611
53190.198312416076
46813.317817125535
3.4641016151377544
Case #4:
156911.50407519704
153.88957079672423
153.88957079672423
221925805.16163182
15895902.24499892
1278292.3507820894
10526354.578447748
15895902.24499892
Case #5:
6849608.178930186
44885.51332922824
975650705.0
Case #6:
48799.39036504452
4723388.653083716
1382874.3444142418
44570.1882428154
1201012.134874466
12853703.217787364
238138050.0
416218225.4053468
258160.2774048551
3002833.1377310823
Case #7:
298201.4624612026
80012.48047481744
4876.329407626242
1563361.6812496427
79163.66445535477
70600.22346115267
132072.4341514882
174601.21508394505
Case #8:
612.5928501051902
1931.140257942308
Case #9:
1000000000.0
Case #10:
70847.11162519238
494573.59038738406
67603.16769895422
291984473.10424423
654.0378101598826
667332.1665065652
73057150.53399909
15690404.437617572
11590585.967267891
645917092.7258406
Case #11:
5724246.67532768
181.01657382681842
1.0
Case #12:
5358536.312594513
3592595.357020047
1434.601648368317
4652.277292483744
7553.107390092274
25367.392435959988
3560453.074928386
9511.70865136534
33628.74002411429
8467.134930006003
Case #13:
9.0
637622.2382795985
637622.2382795985
Case #14:
27109.570265867365
185255.10938242456
37660.482698660264
24524.98736064914
451280.40027632815
272358.4132942658
44557.531524312944
419877.5840586515
Case #15:
2.8844991406148166
1355.1513421458424
141.99139791806238
4.0
3024.05934317906
2.449489742783178
349.5655792215997
Case #16:
5.0
18169.938200503653
1592.6792171563511
17698.507540669732
5.0
6006.953164901866
6797.313612032843
Case #17:
965.4023847102378
93.9785676201153
52762.59322664116
1967.468747221257
4429.930061164021
10051.314289639946
10614.787283750069
1772.3959687305944
1512.6019106931928
Case #18:
1459.014660155424
2387.3180455565944
38560.01999493828
2387.3180455565944
1095.718374688401
86.1539084510581
1744.5175621963494
11086.75439432118
11086.75439432118
9.0
Case #19:
46319.5553212431
8881.253802091398
15813.619631534837
7667.530777142603
1401.3361719594104
35424.53475483244
6111.5024092929525
39358.765834309386
Case #20:
375505571.0
36522.85842628429
275727.5549840033
41682.956529053
Case #21:
231853.66908969136
1509506.9179686892
95322.27326286338
Case #22:
60093.75709672345
53474.0
2113.3382907023347
420.12855175529313
67533.0
420.12855175529313
Case #23:
57895.524243770036
882.6870160078275
20.1620173088394
634.4761618847473
56558.02876159568
4811.2555259295295
341958.5834020074
72670.0
78766.33302201364
117.20969529224635
Case #24:
94.08747704093052
14625.497007757807
74639.68908697303
1008.8683308032987
47525.286259001114
56.989430686232
Case #25:
504713804.05881757
6.214465011907717
515444.7431405204
31.198474810918874
99.50582863593888
6.928203230275509
1318593.5847019032
Case #26:
11327851.975878447
695317.7186746489
246246.51828638325
317603.43000500865
385.5359905378485
6943850.274923021
362462.13940377295
33219.31454413855
180573.7042053022
362462.13940377295
Case #27:
900.8358124458907
261.9431084923636
35.95828501478158
81.49846624323675
131.60310555177736
3216.309083768238
199855.0579019608
8.48528137423857
821.7137481895203
22099.728990606945
Case #28:
1254140.1136640839
58481.0
1024289.0478401625
1024289.0478401625
1254140.1136640839
1254140.1136640839
588798.7537255546
588798.7537255546
1024289.0478401625
64302.278847642716
Case #29:
9.0
67007.45818190688
9.0
Case #30:
70136.59899795541
16223.19374617828
31599.47265249941
87117.1040578588
28620.390159628878
8436.893385843274
7809.607471775956
Case #31:
25890.0
25890.0
25890.0
25890.0
25890.0
25890.0
25890.0
25890.0
25890.0
Case #32:
46489.23389360921
16682.914860402863
1950.3960712017827
4871.645987158067
5704.660810280212
315530706.0
Case #33:
42549.95705510274
Case #34:
664402754.0
758501389.0
709894648.3559552
709894648.3559552
664402754.0
758501389.0
758501389.0
664402754.0
Case #35:
6.324555320336759
6.324555320336759
10.0
91558.28209397553
91558.28209397553
6.324555320336759
10.0
Case #36:
27518772.459723268
524364720.11768955
27518772.459723268
Case #37:
400883541.30983764
496504069.0546423
443704758.4859262
Case #38:
8.0
8.0
8.0
8.0
Case #39:
543.876992089362
1356.363444707217
56961.96160597
1041.8330155669867
40.04465174017217
94.99168902363657
5.0
Case #40:
217.9017748066616
7036.623818177593
12430.467178906189
2087.549069423957
7036.623818177593
955.0148775309007
Case #41:
6.0
85418.14107670571
810695425.0
4.0
810695425.0
4.0
3078.8373113272473
Case #42:
2711941.252844353
80083467.0
Case #43:
52410722.04421773
4035275.639188846
8495.657806950601
14264.349007500034
295969.18526089966
Case #44:
5614136.088198255
157922.6547655323
3817666.690482581
Case #45:
79314.61237376124
25399.16289959179
Case #46:
7.0
Case #47:
5224.2180657286835
Case #48:
56810.0
56810.0
56810.0
56810.0
56810.0
56810.0
56810.0
56810.0
56810.0
Case #49:
490389772.0
2824045.2805180633
28183851.042264696
1222770.7040953876
6440010.418264554
1454500.8359713943
41499333.543901384
339838228.0
6183968.22975547
479897.5879933302
Case #50:
795511033.5729496
2628.804970146857
3.1622776601683795
4.481404746557164
Case #51:
875125508.5870472
976543791.0
875125508.5870472
784239952.0
875125508.5870472
784239952.0
Case #52:
3.7416573867739413
2.449489742783178
3.0
3.7416573867739413
2.0
3.7416573867739413
2.449489742783178
3.0
7.0
Case #53:
79477.0
10771055.0
157062.1071122135
925230.316318591
4526.0
79477.0
157062.1071122135
925230.316318591
10771055.0
Case #54:
10.0
10.0
10.0
10.0
10.0
10.0
10.0
10.0
10.0
10.0
Case #55:
345714.92857178295
8103.057092428153
18981.886734334457
102935.73396794611
972.4607961249646
23842.16993413261
24281.633152037222
8103.057092428153
181966.22442089094
32009.265485224463
Case #56:
13297.0
5108245.522301603
18651271.1129954
833105883.0
8725205.761960002
7840009.536697006
4934510.923161345
Case #57:
519425398.0
1502775.642007385
7.745966692414834
354.20068234251676
1502775.642007385
22644.186685522018
1418751.7158973506
576.187469492352
25667.124632937943
7.745966692414834
Case #58:
1.0
2.0
Case #59:
99724.0
18613.0
34868.87417167351
43083.20800497568
49494.67918258904
34868.87417167351
34868.87417167351
43083.20800497568
34868.87417167351
Case #60:
4743182.596990548
8.0
2729.2038156415897
496.9438164989067
304892.03381780337
Case #61:
1.4142135623730951
2.449489742783178
Case #62:
32.0
32.0
32.0
32.0
32.0
32.0
32.0
32.0
32.0
Case #63:
1714412.0318492362
38896.18306654612
554.3955877068973
12877.396089765818
333.68248380758615
1833.3641253517576
777.6974392000267
489.918687048726
175.1319972879942
447351053.75772536
Case #64:
3.872983346207417
2262.8540908315254
Case #65:
250192375.1563947
Case #66:
4.0
4.0
4.0
Case #67:
899.4361496123851
2522.1640613276286
2873.1988872371244
3268.187752130347
2873.1988872371244
14943.451116713519
2115.3195978227877
5738.040073802077
1340.0355127701007
8811.893906758605
Case #68:
33432.65860920575
381323819.0
23236.0
33432.65860920575
Case #69:
356616.17686042556
Case #70:
524626.8822137653
1508959.1510048995
46526.49771808104
704435.3325896531
132127.58542656677
7501497.830266801
885148.9269901209
7501497.830266801
74989.33120117821
610989137.0
Case #71:
139.7863407591786
11795.640173333943
127.00431919507704
23156.466397099535
1573.077335434988
127.00431919507704
338230344.52831703
8.0
47203.708706814985
882115.5179030668
Case #72:
812229559.0
1236434.1197778292
813724691.0
1211808.7417445732
44736.66366639336
837613717.121279
6168718.244300267
837613717.121279
Case #73:
59953.33122879393
Case #74:
3133.7100066330795
324410.052506912
34645.195843712296
34645.195843712296
2682.0297172015084
21285.232867757415
194186.8863999335
5350.890612174996
2195849.702353966
240714688.0
Case #75:
326.3342844182191
8.0
6334.210635018202
317.6790833529964
335.22529737476555
167.61264868738277
14047.0
Case #76:
413184.7691204746
301151628.80509025
857008222.1176608
6458925.17070379
Case #77:
7.0
7.0
7.0
7.0
7.0
7.0
7.0
7.0
Case #78:
28869.3643769022
Case #79:
1804.0515035205412
4.0
68035.73781431052
68035.73781431052
576.7841884101887
38312.75675281015
Case #80:
834.4818751776457
7.0
834.4818751776457
834.4818751776457
Case #81:
2863.775227236501
2863.775227236501
1008503.7487609762
60329.309253463194
3.0
5.916079783099616
27199.68838056789
31953.49936568923
1.7320508075688772
366047.88399600954
Case #82:
448.7513495510785
14344978.352563648
10626.873697539126
56785.0
10626.873697539126
392010.2471712189
44994.79518101151
43045.53520586391
63286.93626803172
5959434.09743207
Case #83:
2211.0052676338396
Case #84:
3937.876624741211
71339.89995787771
217.3660507070964
1372.5004166983356
1372.5004166983356
Case #85:
317759.01782982337
39436.62081587898
366.08195803672163
46965.6125615444
1607.4954343130712
4761871.046983108
90707.0
3.0
159129.5155329169
66642.13886898213
Case #86:
66127.4555234057
54940.0
383083.7522802315
27070.089028298375
75866.0
63173.765381918
34825.59955000796
38780.92042686357
Case #87:
22167.0
78093.51765671719
210.55640574439906
31184.996416383463
351.7982376306055
872965.723708817
3000361.392780043
82525.0
36676.31304279317
26209.51860431922
Case #88:
496133638.6983771
429090868.0
352976.0306532481
821.2654445038128
128526.11754866732
50206.0
40262.0
437764.3869022575
354353.0083810508
550046.1819234414
Case #89:
50577.120884124415
33643.34689674869
47357.86088919135
42877.76287748909
56547.732007126404
1121150.915556552
243192.7785736322
15449.82230051701
15449.82230051701
30385.45858320092
Case #90:
1421987.95030032
4017.604719955418
862171643.0
8.0
88149.0
91959.0
73295.00775761541
Case #91:
5307.430018712361
Case #92:
437888.2346265766
437888.2346265766
11661.609837410957
Case #93:
4.0
91.43892925807762
5.656854249492381
5.656854249492381
15.17931696434989
2.0
Case #94:
45.226517115923464
101.5089171713844
3286641.737818103
31.141112488464998
74711.0
2.0
71.0508573003659
773.1729749376201
114.06511701208262
3286641.737818103
Case #95:
2.0
Case #96:
7926.87334812512
395.4974265561238
2321.381933383836
3883.935295677933
451.6082373030855
39988.0
505.45382749335425
7926.87334812512
Case #97:
508363823.9976554
561167697.9609448
Case #98:
47657.20788422532
1128431.4003311342
33301.0
442076042.0
Case #99:
172067.62186339629
35231.0
3.1622776601683795
82.8854631404084
35231.0
623.1997003194891
687.0
623.1997003194891
25491.415944017393
2023.8892393314566
Case #100:
40291.820899883925
22.85103432237575
31.92232506383323
51709.96290851503
352.12447284217234
3291.7100143352027
608.6103523928142
42490.92204224333
5558.508114912551
645.4273736375102
