Case #1:
109145.3406
93933.32323
34408.43148
44847.53072
34736.98017
36578.64568
49527.65915
56258.65482
55849.98804
6830.727755
49896.95972
45100.30292
2165.207439
45528.01583
43105.30192
75806.63879
53260.21169
34639.15592
20756.41502
27597.43420
71799.57092
68977.28310
42750.47847
25832.65320
52123.11552
95050.80827
86072.88708
19171.61419
23712.47486
63541.77477
60376.64737
64656.07160
133910.2126
72475.27682
195193.9558
17627.28733
337527.2065
28662.69031
33959.74960
Case #2:
831805
1289.810064
1289.810064
1289.810064
1289.810064
2
1289.810064
1289.810064
831805
2
831805
1289.810064
2
1289.810064
831805
1289.810064
2
2
831805
831805
1289.810064
2
2
1289.810064
1289.810064
2
1289.810064
1289.810064
1289.810064
1289.810064
1289.810064
1289.810064
1289.810064
831805
1289.810064
2
1289.810064
1289.810064
2
1289.810064
1289.810064
1289.810064
2
831805
1289.810064
1289.810064
1289.810064
831805
1289.810064
2
2
1289.810064
831805
1289.810064
1289.810064
831805
831805
2
1289.810064
1289.810064
1289.810064
1289.810064
831805
1289.810064
1289.810064
2
831805
1289.810064
1289.810064
1289.810064
1289.810064
1289.810064
1289.810064
1289.810064
1289.810064
1289.810064
1289.810064
2
1289.810064
2
1289.810064
831805
2
831805
2
831805
1289.810064
2
1289.810064
2
1289.810064
Case #3:
149668.2983
41205.46097
19761.98962
41262.27208
56956.41514
139278.9307
2525.167239
36329.79715
21494.79827
48.65571029
23302.21508
61201.20438
40218.71816
23924.55749
41262.27208
9535601.461
19600.90614
173777.4525
18406.13027
3570.369886
21913.61670
24427.59526
20219.41128
2541.401670
8436.758834
23231.35576
109296.8039
107879.8821
133205.3329
35858.65136
304.1970494
24625.01187
34115.72949
35399.88142
197.7134135
Case #4:
6325.274856
56332.21806
106325.0385
283080.5536
447763.0014
359310.4097
272044.1987
33406.31213
210920.2325
820039.4087
1621922.861
572776847.3
235443.6926
1101168.627
Case #5:
2041.267413
1399.313034
1197922.430
35783.98039
50094.75618
32312.95823
19993.53127
139233.1311
43833.07094
24641.87655
31360.59405
12502.28580
43391.36223
56806.71734
719246.5321
18255.48409
39843.89320
468212.7549
11984.60470
85747.94207
25569.29695
900694.0673
4096.812485
53884.12127
28698.87996
29467.33933
29382.60398
111.5987188
34670.83922
11556.02177
57017.96426
11110.51334
32680.15408
22953.59742
82191.62653
11260.08738
13377.56759
38464.80210
32878.45954
6371343.984
23664.73222
17924.08765
558.8420663
58339.53555
28995.11411
41069.09328
94144.77654
44341.84213
29489.62603
101850.7271
29258.88184
13586.11776
22541.28123
4350.014477
1745.529784
209.4176991
6371343.984
56462.85615
11939746.51
4305.731057
11539
19586.45466
28936.83708
65850.14002
68156.59388
12093.42201
28358.85902
9793.332416
46978.23779
Case #6:
29655.66574
34609.68504
39657.99308
35626.20646
31694.89120
44383.22454
30584.04956
42674.27160
27954.15268
31533.02713
30419.52336
37531.48045
33316.76047
4014.726022
29010.74085
30897.03666
12155.75734
33754.70148
33760.67485
2878.345726
29046.74748
31427.55157
38345.07123
29797.79269
30338.37411
3564.995239
39220.05625
26461.36107
31204.42802
49589.38769
60382.17963
34994.74843
12871.68238
30081.24179
20707.87440
33073.70373
50622.59111
28548.10304
39683.15651
32179.71017
28321.03968
26242.38629
23220.77425
27334.63498
40185.85909
51404.97468
81491.56971
50429.41390
3940.916416
33061.68599
47329.89103
49801.78594
62163.41493
21794.67077
19084.28002
28160.26218
83271.49677
34250.91449
54799.25173
35820.54427
33104.66959
17808.83668
8633.500585
28158.38247
38818.61719
27226.84314
55654.13267
29127.78956
33960.76391
40161.56399
38050.02457
28233.01882
13675.11745
187728.1027
44488.69250
22444.57144
20726.64363
30413.63766
26611.40472
30785.73741
24856.75299
31866.65637
33933.09026
34145.94688
42983.77896
31369.49935
24114.16089
41425.05293
31557.86008
19071.66360
88859.77848
36216.37103
33551.29445
21496.85247
21869.16688
29849.59310
155924.7055
23352.31768
35202.37333
32429.94565
Case #7:
57992.52244
61367.43857
48508.77600
57963.29111
46661.95406
156530.7064
44551.47340
77528.51566
236587.6329
65577.10259
37998.81734
94931.93416
31952.46897
58227.95695
54519.37910
43975.27206
48302.87586
53802.58071
55808.36650
50893.12923
54330.01745
55350.61975
52320.52540
54728.79851
46219.12163
54014.15157
53488.23418
52667.19101
45809.15758
54846.54813
50328.52959
32990.47510
53734.31776
79077.02070
55502.34478
79860.88920
61699.40312
80464.99449
62846.04707
54638.61959
49290.82062
45147.99131
50762.40753
64079.22056
59035.83096
57615.60576
67971.67363
51547.53117
32893.61475
45149.27604
75377.07580
43483.82770
55886.06328
49238.30191
56432.20223
99369.87982
78854.00317
99418.16328
50217.81246
25273.36002
50530.95516
47330.52709
46214.01128
70869.59350
88093.69660
69456.67183
77842.01926
53722.04612
51422.32642
61821.58573
58908.43231
26688.46340
53204.33026
3322626.443
57779.02769
50573.40890
51672.51314
59425.37593
57738.31015
116855.1588
45270.11233
41349.57104
49645.22762
45503.99331
75001.30676
5778.735514
23446.19851
47732.38908
54539.20432
60304.14745
55885.32389
59731.40641
52071.03107
51377.36147
53673.36899
44436.66919
67339.67091
56774.05631
38595.78548
55267.79136
Case #8:
1032.665041
29170.70831
36302.62501
Case #9:
5724246.675
181.0165738
1
Case #10:
3479.032379
37008.51694
21522.21615
9043.920705
22792.65724
11536.13676
576328.1240
514.5629213
65283.02334
14593.71394
30.21580830
15556.54384
6392.394489
339.7881693
5682.305205
5
3235.428800
28253.42020
69650.66313
12122.73519
6162.378680
15182.40980
1171.370587
33064.12395
43828.51364
927.6163000
530.9396804
65629.05950
12470.93507
Case #11:
52000.88397
107847.8365
21544.40725
48938.17166
33473.06816
17167.73712
77484.80464
28807.55354
14710.17015
26457.39160
9273.902874
38547.42434
40879.61703
43534.34071
27217.74372
39678.71386
28408.11102
19144.95125
34149.33825
38277.53219
41934.36087
249661.8926
39315.83166
32959.43764
57835.02265
44533.69343
33469.95552
25809.79516
44187.10034
67215.01223
193036.2801
27721.10240
94771.51460
48609.70779
21305.92563
35306.73876
14487.63300
25889.82281
43150.25693
25258.96959
80431.36010
56388.52813
70556.40864
24510.25247
37680.72875
26138.61948
100918.1435
76821.44800
37591.05716
67473.07079
43390.56703
35209.27534
31229.03660
41889.48514
42233.20884
68069.35642
83446.84434
30653.26895
85664.84659
22855.06971
59058.95029
38782.88562
43529.94787
30950.90979
68406.34718
25699.76731
51708.44989
61987.46924
21353.03262
24025.13461
27930.19770
106906.1368
41289.47744
35900.85497
66338.10611
31297.76288
11647.86332
75991.98170
25455.93664
53737.04656
40121.57079
195444.1738
37075.00482
56556.74899
36333.39238
25306.48188
35397.91735
51757.34479
385551.2292
32350.87120
38963.00855
33492.45135
13916.91822
29895.41058
29777.82118
22957.93406
118454.4525
48739.25132
47468.82522
141463.7274
Case #12:
31598.62665
5413.476356
7117.171657
12212.95322
11336.29455
3814.336379
10256.10496
26661.82692
29929.69552
24351.16017
39136.94579
41316.96907
1540.226978
5998.750103
11490.72964
5876.670425
85922.05962
7878.965382
8722.989487
7953.639771
9131.930702
29255.19238
8839.030312
6874.614465
13749.25809
9841.462124
8682.960154
13223.15410
2942.501409
7794.637077
7366.707161
6363.321878
9801.124269
7196.218577
9827.457978
4130.692554
7216.834281
10764.99424
26290.30742
60495.84128
45328.06907
770.3119329
12742.09019
38060.90466
79189.87551
5725.343489
5121.111563
6138.522044
1104.569730
12173.47435
44283.98597
20070.98788
3165.908803
39634.14828
49227.55769
10491.60955
6159.398885
29380.17453
10593.77330
7
10257.09721
8663.513965
3065.547882
Case #13:
131300.3700
521296.9846
725087.3594
134890.3494
82543.64810
238316.2753
148772.0697
41455.58325
75129.46880
206916.4206
542718.6712
8824.411542
370694.5666
247.3974419
68832.95348
17356.39976
59101.74837
19472.08484
2329827.028
8765.620100
23186.40095
2384627.704
150457.7546
41198.35721
183205.0768
263302.9153
108263.6274
163837.5174
111669.0606
287401.6383
217771.1232
227773.1692
162653.4661
17310309.15
3673.030748
22719.43095
90053.15867
388281.7829
575646.1119
35749.25873
834920.3173
16424.30150
180252.0886
1641153.675
276026.8406
359299.4509
64589.63033
352646.8985
369461.1311
544683.9315
617675.7866
164630.8270
63861.38519
105126.4375
59488186.41
57211.96342
224410.7118
377134.2779
30228.78078
49120.75073
165440.3509
34795.15600
196130.6300
35262.41942
191236.4404
260307.4963
22271.51636
18680.41222
33145.98303
13234.04074
394359.6577
Case #14:
44025.77376
64489.09284
48783.93970
76443.20378
54567.26380
50478.10821
56441.09695
92153.83200
50158.04911
56588.98010
50174.22460
21358.25981
94586.08295
36542.19444
25583.09029
135851.0884
Case #15:
7131.258264
2388.876303
12507.71175
5356.964469
7716.644558
5310.870845
409296.1061
27285.90656
9858.539795
7324.424518
191.1137539
8605.559099
14945.95974
4559.034692
2166709.409
14719.27505
9291.075846
10310.00954
10682.22470
47648.93984
20842.19741
8245.291826
37937.70575
2082.823840
11736.95616
11093.13631
17805.65439
1650.645584
9165.357017
12516.74027
9761.444041
6660.853297
729914.8344
264.1228967
18435.96200
15595.82319
13980.63851
26635.87528
12505.43824
10117.95959
13310.38144
1147.171891
2420.320814
7595.957474
16110.53566
18212.36697
22863.11522
8207.168264
3547.779153
27445.47619
7713.528426
6797.410462
1451358.695
2111.396813
8613.509254
62351.71341
16234.96494
2099984.879
42118.44602
29486.08161
3672.518139
2808.952228
55697.70921
9217.396910
11463.35724
40615.98338
7887930.805
4839.352492
4047.504941
8609.886899
1205.566660
8740.929993
44453.10230
1499.643321
12914.99133
3933.757337
9173.867926
Case #16:
19836.72670
20992.14629
135452.7246
12393.91322
3414032.661
16644.85024
37567.58805
95534.39681
7494.894843
320811.4872
33865.50909
95059.28234
11124.27496
302937.5366
37389.70268
345161.3495
203647.8343
87275.16350
350572202
142718.3176
76127.05334
30824.54295
92276.96739
1363912.315
4011130.677
628486.2343
106734.9379
90020.59046
330668402.9
802265.7113
139137997.2
68074.34945
21490.16198
54797.32368
133094.8366
247822.1461
29530.54989
560577.3108
23701.67901
40312.93623
37066.76006
119378.6443
34342.08739
713946.8553
64990.01537
45560.44010
1220004.359
35833.92668
419824.9394
108913.0244
69626.73895
1529191.067
16205.99609
42116.03352
139026.8847
372.2257428
424651.7030
1307844.273
21253.66915
345161.3495
36190.95029
31347.85066
708589.0817
69862.94224
8039.612592
87502.31565
2576864.223
8064
92749.69462
45405.37735
35650.13388
32534.00959
109464.0371
51445.81666
81260.38531
90150.48959
85246.08626
105375.3893
51732.48552
306047.1371
33295.69649
61069.85340
6321.516446
82213.66924
23292.24468
92197
78036.47865
9723.040007
51572.08634
37397.14614
79807.30109
45590.03255
127259.5394
44713.67928
92218.99536
Case #17:
18581.67225
4615.023214
92140.41169
23317.26751
2859.436059
27071.86773
1265.594737
106172.2235
22449.01915
24210.46416
25371.30350
13579.54702
37358.18373
6018681.315
716.2194109
29007.14511
55120.37404
20730.13727
64857.60281
4664.282329
171621.2981
3511.206602
4102.360707
567329273.8
31767.50629
13069.25717
208248.9742
31413.49151
53289.20077
21911.25141
12981.50054
173691.9863
87093.74007
79079.41764
30530.87492
21468.05317
16536.75265
16157.67893
12766.97961
23613.10746
44685.38357
43545.13440
60607.64482
27879.13463
44651.51836
14289.68837
9419.085351
19552.56118
Case #18:
95298.71794
73690.02863
53397.67606
5468.967093
1459518.533
13687.53964
75976.02520
712091.7996
4388.818240
59311.81638
55621.02997
78371.28104
2599.489428
19826.87309
2592.174973
231686.1776
55024.22211
161047.5238
150997.1000
221949.3611
10509.43859
7101.785847
82702.04976
24797.44719
54028.04503
11827066.03
156385.9305
45083.26225
100237.4005
11827066.03
28423.32318
10239.28885
113188.8116
23573.97421
63657.79869
22777.35940
3021027.933
108628.6448
2521.271276
1912648.145
107.4509168
19018.99162
76502.97830
21888.67679
267035.2249
115272.4611
370965.5981
175484.3358
47106.48331
42480.94195
Case #19:
85033.80033
1132.255579
8260.563411
311828.0111
36747.03063
58389.82751
12880.17907
6416.569159
5394.990021
8129.862309
386.9214299
163740.7978
20059.94245
11724.67463
16432.09972
970.0194614
8320.352652
15781.84451
24048.95927
12195.30855
16400.30296
109285.6025
7037.787418
10701.22999
6685.774189
30018.22926
25156.43450
9084.829425
42572.18685
16299.99555
9816.625076
13639.11744
13778.16906
11512.83792
18504.39045
254548.5754
26049.12292
15594.43696
3658.257815
7331.987732
11046.67243
11417.95457
9906.527513
153.2848433
85804.31953
14104.38367
3716.042044
11227.81742
18807.63777
1217.377472
6317.896257
157260.1863
4489.326714
87144.71949
15425.62905
6777.152170
13610.89425
8845.701097
Case #20:
49585.22700
105266.1023
41590.94082
100293.7469
52344.20576
173596.8481
Case #21:
36422.65481
30922.43844
18999.40401
6487.695518
25021.91763
76867.31589
23580.98094
28851.77426
25603.55367
24144.94126
19744.37062
5323.600434
22107.28810
14875.36406
2173.953036
56154.81714
127806.6718
20681.25430
52017.99041
616948.6304
680.2806556
17876.02997
60061.17975
22455.13891
34140.66185
2760.118663
27991.41556
408843.5774
34306.34945
7196.491269
15184.09255
18025.49204
441884855.5
26883.19365
5899.938029
17938.83519
12036.20342
756.2873646
24283.14326
19542.92196
258645.0064
25209.73761
31290.10692
22574.29491
39203.15477
36457.20280
6667.908276
8528.778234
10683.02931
20778.84162
12981.32085
25298.53846
192434.0614
11858.88641
340630.1416
10365.61013
14404.55420
19250.68256
7737.572853
334285.4248
24207.70590
26819.55222
11642588.10
19924.92699
Case #22:
26765.14451
26309.48430
31618.78103
23992.32662
31178.47475
30600.67081
30493.65811
22323.04373
30905.52861
21743.26466
30671.55429
16164.33206
25938.49531
70157.98684
30924.70620
32181.35086
25587.21612
30888.32012
89524.11899
29990.59717
46695.96611
23745.36079
30141.28978
30206.72123
20600.77717
28040.00838
28236.52964
22164.03863
28688.42274
31630.21581
18152.48468
35189.21204
36321.77475
54460.89821
36665.27111
29865.67098
29236.30210
29970.66096
27236.07058
28481.83427
32127.25274
24755.72875
30964.89569
33174.21878
29414.30002
21649.07447
24351.55977
60634.10124
33600.33454
27447.53563
30458.02606
40596.65900
62702.18905
42772.61764
23686.29475
29822.94199
42853.46846
45023.15746
30242.55663
29799.52999
13973.74868
58338.04639
30224.49817
30265.30685
43737.62414
21677.66853
25259.05764
20936.21480
37846.99737
19402.31820
30535.61856
34940.16236
28348.24485
36679.18884
35820.49627
58088.47705
27690.45649
29798.63214
30250.58584
23767.91443
20009.36720
32043.69392
106071.7697
32675.62660
34244.07163
29845.74611
17830.66510
25879.51680
24086.29875
28346.14739
31613.85127
35423.95805
30519.85080
74389.91084
31644.58086
29731.51832
145695.4992
29928.49870
32579.57841
58476.95926
Case #23:
51222.38678
83394.92725
35441.29917
39586.39380
74490.89699
75832.43638
73799.17567
26975.72837
35207.80559
42271.94923
55544.37369
42348.73800
65570.87174
29892.00688
11937.18383
37541.56038
327205.0338
15047.64384
3493116.326
47771.48766
39880.40362
34974.97699
42209.66844
40259.44954
26963.44662
38829.78374
45560.13835
35521.89957
32383.52621
46700.13147
56847.59889
80594.61674
25531.12304
38356.27303
66712.68623
41646.85794
10734.34525
33261.15742
78580.08820
1
31136.61012
16600.08378
104816.2409
68825.25854
14373.32944
118499.4262
39437.70435
20222.69432
1826.488937
65990.67003
15834.78830
57044.16967
42156.24916
40644.96575
11003.87924
53746.70912
58429.43232
49863.96904
48571.85620
48713.96764
36017.35302
55359.73430
244887.4347
42539.56381
40859.87723
32237.92159
35774.23043
42176.20250
11403.46947
49720.89240
45647.03328
10498.97957
43824.85594
13281.84084
82747.63545
75659.43905
5213.083439
36118.71970
3320.858006
85876.84707
21029.29321
848627.4554
46865.25194
42301.70059
32826.57325
221683.5156
64715.99749
97156.56225
71293.73302
413388.1707
91601.67124
35860.21036
22143.38359
34400.42498
26570.29759
37581.87956
33179.68276
85760.52558
4990.694622
31638.98355
Case #24:
5334.939032
25464.56013
5331.664694
15761.02480
4978.744133
12716.49748
180660.0336
12166.25647
20116.32081
52429.21008
31514.72577
18883.73773
9615.378984
97902.32622
26103.66593
170482.2077
53946.45064
20491.72639
24841.67001
13962.20386
22226.83670
122342.9308
9128.124091
117212.9019
5919.113627
31088.64987
30041.10295
81367.34473
50000.99874
163405.0954
372714.2152
25849.02749
36873.78180
28413.01442
9714877.101
42711.96530
107453.7775
Case #25:
40390.82830
35789.54803
37278.26404
43604.68308
37031.69626
41167.71871
64282.19194
60441.35038
20067.06993
56796.65425
18684.40953
35779.56063
53576.93820
29751.86313
43192.56069
34089.81653
38054.18607
38061.91229
34736.78667
60649.08250
45493.98830
69808.72910
50838.75980
40229.28295
53424.31383
39848.96282
39880.38730
41609.60549
36144.16390
46025.58412
4161.695896
42212.36952
37741.41055
31325.51623
81567.25858
32713.96445
23356.80232
57660.86050
18814.98849
47885.00555
5323.058588
56504.16013
41256.57911
40323.92126
46092.75730
30417.71971
50703.46237
44292.91213
35660.28150
46735.16085
99632.71514
18766.55429
37256.67612
8599.674505
46377.26184
60573.39533
42171.23050
55170.44048
56548.47865
49647.74420
41692.66642
42081.47295
48111.30118
48744.31735
43018.28832
73769.68014
42838.08313
39820.40747
10387.74681
34570.64261
32163.21640
44835.32219
38897.41584
40243.67158
7162343.843
47402.52894
27074.77926
53007.27658
41399.47292
34226.24573
10782.52035
47590.10935
31539.44602
31221.01915
12362.09246
48124.25823
49366.28915
44241.98621
39278.59184
40496.66864
33078.57813
33990.57563
54316.99799
44167.71989
43553.71971
41143.12963
139394.7315
43722.40196
39947.20648
34153.92544
Case #26:
81849.87000
78724.86290
459517.2000
95306.22446
167109.2400
73764.98955
65490.16232
80024.53220
177289.2116
71722.01641
80073.69645
190154.1357
127429.3821
189740.6888
162227.7872
41565.12786
340496.1385
137730.1197
263277.3455
5635749.930
98211.06373
125129.0058
39807.45169
130401.6007
120353.6536
120913.7742
253267.1841
105855.1085
67515.03191
143983.9383
44247.73876
201578.9002
104149.9891
122429.6537
43678749.54
62215.52777
4
104891.8054
184087.7682
159599.8896
98783.09305
33715.92787
93302.35649
29917.80979
6715.930418
30088.59341
142168.9104
117765.1105
160104.0699
108211.1864
100781.9122
104136.6217
279102.5284
132731.4653
99724.99690
280856.7532
170074.3707
248642.2758
95065.51034
62448.75035
55405.54441
7826.321171
12994.92115
188663.8344
158644.1166
142651.4936
127117.7025
37410.42146
19741.77040
142678.9543
99269.14821
721125.7977
223672.6711
271960.1861
143862.5710
70619.52478
88265.42437
135265.3937
132087.2404
150708.6901
137410.2806
18105.05532
116920.5331
363855648
1104.145877
104190.7813
128580.9279
164771.4162
861363.4746
9819.702650
115725.3308
9431.059607
135398.2080
16548.22013
151416.6872
Case #27:
236690281.7
116740.1778
159646.0431
307599.6638
3726255.748
136876.7749
211572.4951
146966.8224
319357.9950
942895.8339
85349.99812
144786.4887
408345.3186
22079.50070
Case #28:
398565.5558
14430.90107
Case #29:
87785.01918
22398.11239
121.9344351
206866.0162
23620.74481
671.9240559
15576.40500
40958.27872
10309.17167
147523.5362
21953.64273
22825.03955
18897.83832
11539.76949
183579.4633
228435.6005
4984.738888
2557.183845
19055.13599
65614.42524
260.7676064
23700.74883
38428.84062
5748.328981
21469.42119
15052.73542
76852.12614
4090.625108
55550.44642
157692.3649
13447.66220
9560.497681
18034.27212
247.5596595
48727.27402
15644.59747
1294585.386
575479.9165
3529.475784
7856.457301
40092.43217
249.4375773
2513.351710
14007.05465
12108.47173
5857.015051
689.7476668
12506.75052
17602.68190
Case #30:
30429.47181
28684.43257
50774.83460
26342.32521
27867.75563
47661.60014
35224.61641
28855.73799
26206.17888
10155.05461
21260.20371
46566.12751
21672.16170
23090.66449
12940.77279
26277.03611
39882.97865
34493.78326
27668.90362
36181.57198
43512.77103
586.9349870
30887.29261
22045.97463
35197.80455
32683.63208
29505.79624
20568.38145
37953.75694
35577.22751
29881.93389
31608.24901
33658.91331
66247.04765
44633.11183
28880.17989
24076.28891
36074.94801
31138.55301
31117.21782
26595.20983
51853.15691
33423.82513
25490.65545
29097.45411
34828.59242
32767.88458
31879.44247
22062.15470
39856.85286
21254.78080
2820.361906
33647.90677
21845.66290
5070.831463
44238.22528
31957.11467
34430.67240
24585.19004
33256.17240
34888.15889
195411.5743
27014.14475
20245.75624
82333.68620
22220.66830
48360.20627
24225.88154
31999.51407
15311.10718
50701.19073
27003.67032
28709.95991
22405.53219
28651.11320
28402.10967
74771.58006
283707.4356
36069.99406
33104.49813
19635.28031
31028.41279
30651.91970
244023.3437
30703.86761
28429.66474
30474.94062
29087.34683
32062.58715
36470.24079
28464.29478
32436.50905
36142.90026
290478.9974
30252.29152
52636.97685
29242.83576
31945.32252
23831.30504
29417.23963
Case #31:
4452436.963
51798.06847
328069.1668
18193.98995
74420.39233
57832.88187
46418.09002
50444.83446
176353.3895
15109.76645
18351.36584
39783.32297
120652.1850
57789.09097
32536.01002
85137.16982
50398
19392.20622
12682.46599
79904.57470
940090.3153
68090.67414
19843.40952
21076.82120
128536.2766
36622.78604
40816.82726
46574.37882
761882.9030
22308.26656
102482.8629
81291.59058
25659.63715
31778.15226
69619.01793
81303.71904
42722.97175
99319.38704
23225.41934
48879.88538
65052.97457
24091.98194
47970.20628
5096.633769
22476.33532
57771.93855
39245.11030
15831.41744
13879.13700
42105.04435
41065.24342
15059.32170
63551.22605
24578.51715
36743.10534
46173.90780
45897.43643
47799.24694
40801.27110
31037.52465
42905.29001
34734.70278
18260.59047
63430.16059
96908.05350
922086.3621
51240.84210
26399.60343
33061.50151
26829.03680
28345.20582
21713.71661
28086.06487
31872.37703
32179.85980
20715.00304
46097.16290
178139.0496
49144.33978
6100.900065
289030.2487
45816.67984
4394.063368
91383.82552
Case #32:
35637.01901
69128.10102
119660.5895
77375.82952
26172.06195
124731.1542
102594.6303
57162.59334
71773.94989
260483.7408
10520.68359
126167.1545
114924.5251
3122.734776
106756.5849
19551075.77
81980.34995
44370.19181
7491.161241
87450.12853
41168.59540
70342.38470
73084.94940
98192.05941
75871.94479
311014.7594
69156.72746
66195.20351
86429.55865
Case #33:
880.6615257
42501.94462
168431.9733
14567.08337
21715.08570
12704.72236
63780.02863
16073.08869
7225.255799
4168.478009
17399.29498
1638.156764
3805.261607
1861.623917
28471.42620
23757.87244
10585.45131
4694.172577
24287.60148
2530.294110
35245.08725
4136.916081
13909.20370
18261.85519
18504.58189
2876.084527
33706.45515
7955.285614
36938.42557
12418.97050
13975.92903
18976.34625
23735.12123
1558.807815
446.1846492
17322.06396
44512.50110
6401.856565
30169.08715
20493.20433
47285.80781
5390.250839
7622.294887
Case #34:
46107.00006
31743.75564
28354.25344
46466.87553
44570.41960
34417.60478
71825.38221
29570.81491
55406.88639
39952.30262
41795.22281
34053.81385
57733.50708
46278.38404
41878.21100
46519.31358
50884.18585
8029.473548
38370.61384
70811.85490
46906.53160
40097.21936
43046.46485
74023.06812
37288.29667
34997.78159
34796.90349
46931.43031
41362.12906
36518.18884
53735.78190
40115.27323
39998.49715
70597.51945
67070.46535
36244.41151
42584.72627
45471.23386
39367.07008
340710.2647
41686.98079
41109.62798
63770.13066
70179.36995
7976.855925
52019.03846
35491.20844
31268.08856
56376.52995
50326.13963
42039.37290
39192.19242
45881.79091
26930.52860
401418.3339
92065.48609
34855.45565
28171.51582
17858.41883
29676.87318
1873.724660
40621.10997
55212.50133
32562.55330
54014.88068
56601.71276
29905.86568
26557.01834
45412.33730
44893.65410
39604.72093
32074.39721
68924.68336
59081.23985
35358.13019
62798.15307
63388.13403
28545.14831
50760.90125
32257.43984
62664.79695
48774.52038
43117.43233
60578.77756
43525.37346
30670.65231
36092.61493
42179.09813
28661.94960
61066.56587
75163.77806
28851.70228
33618.10420
44830.59891
17377.22599
70304.09145
56972.84334
19743.36784
8598.291791
38398.41717
Case #35:
7889.787229
17283.22659
144793.2572
13131.77851
32771.13242
18263.55018
7889.787229
48467.83180
45271.73298
2996.978807
2641.135320
2811503.614
24745.53450
28264.53466
11710.02224
10629.59895
7402.641010
15005.60926
11348.80593
54686.14232
464305.2283
7463.314079
23146.15043
900822.4951
28430.20932
17657.73534
108288.6397
46724.60320
11784.61343
29531.85932
15985.75936
14917.53145
20660.24293
25624.48599
36701.29929
22917.08201
39194.41888
2647.563621
25624.48599
9967.300587
25930.73332
682.3928487
9538.050174
28858.71822
95.37295214
27449.89609
76517.84783
12558.39101
38876.04628
27955.65285
30794.37872
32996.21889
27201.58814
6412.849729
6878.028561
4754.524798
16075.97917
25624.48599
11244.15780
14915.33158
58052.41775
23186.91159
6684.385486
5235.132914
92255.91619
40396.06458
26450.20158
3423.232289
21895.44464
2671.890231
252.8349173
20272.61682
3082.022178
76760.28433
28707.13368
37970.49515
39969.42962
204392.7616
725825.1964
23920.99345
39132.43980
16827.24248
33691.39813
12804.94847
6878.028561
29803.14573
6445.915465
4840.289610
37771.64885
19315.43668
69329.16110
12385.80932
21384.88528
Case #36:
127922.6178
4
141754.0611
16579701.38
921.5910156
11540.59921
261859.0330
176018.8646
670489.5874
46780.54465
7193.813999
290391.7039
114333.8359
173374.3916
306518.3694
7846.876234
178342.7815
913333229
423934.5859
161879.5896
167582.0132
2397269.581
43332.90928
16687.10241
681281.3082
18514.45098
16687.10241
26912.26223
10987.45026
773861.0525
505.9364722
31101.55245
75880
599091.7773
24161.22645
12696.51288
598412.6144
4270.257569
529640.9685
148215.2890
25101.65113
1220164.427
598412.6144
617.8884399
3609362.434
22493768.15
71741.79647
26912.26223
23702.25830
416.8344995
3
167582.0132
16588.18201
155605.0917
467224.7005
349839728
1
124739.1360
66502.30163
1259993.105
345178.2938
239550.8410
138776.2685
52175.03541
Case #37:
73702.55084
50158.55926
49946.16823
114031.5003
14054.83320
31176.98420
147960.3009
60664.46120
53850673.73
97461.18575
144931.1259
79182.94196
40879.76323
187717.3695
45775.95121
115051.0264
16553.25068
324413.8145
482111.3528
4376.414922
39287.18782
60899.02243
414352.8833
123868.0530
46743.71537
134690.4943
145935.7259
115958.2202
12729.29870
78488.23229
154672.1455
41613.71416
52102.87938
103638.0215
79016.44081
157745.5307
54944.36274
33206.01092
45851.59700
14096.81306
1345850.160
115211.0625
1723119.399
47598.33008
38151.31681
15583.55486
37062.55695
119839.2248
48637.12012
46895.50444
13381021.61
48861.06888
54444.13081
56082.65812
230990.6506
44422.02582
18062.48473
171349.8744
34700.90023
73224.31693
287712.5326
41285.57051
41991.17771
75446.98867
70733.18407
92882.34767
45826.00885
102700.0490
29411.94655
83541.26053
Case #38:
131071.4303
14219.99147
65338.42766
65267.43959
80590.84581
65377.17596
104503.6900
57593.26222
38249.76600
57750.18379
62469.72320
63582.37331
44280.00859
62322.76078
38604.93720
59867.03636
65508.04583
67465.97734
41724.41716
46336.77256
41361.23167
37743.91078
57077.04250
32678.73066
59322.21844
66122.23256
61403.24198
54803.37064
110896.1391
73053.69468
68664.24588
59152.27835
63391.77598
59969.77389
77505.83897
41087.16526
65889.32399
51944.43964
61775.83934
63005.59096
54105.49220
61150.58418
40424.65030
55541.52519
72764.47658
53073.94698
63187.54954
55418.49776
52995.79788
61170.42797
47700.60767
67099.46080
82260.91912
80814.78758
73299.13881
69183.88530
68314.60943
58759.94239
63595.88214
23621.08789
35768.97536
42746.96759
65815.02593
43373.13710
74138.28696
63610.71769
64038.52265
58307.61401
64160.13044
61439.47818
34342.15162
111233.3809
57840.56346
59524.73140
80632.68301
156219.6759
76071.91611
58471.91159
125495.5539
69529.46099
63579.83788
53120.40437
57848.24655
52265.03816
53330.64794
62043.98585
30647.36898
19211.61913
62498.76792
64933.74093
65681.94813
44177.68398
59139.92840
61999.56967
53900.21873
40187.81435
70988.50539
21656.86373
50365.54455
54419.33157
Case #39:
79312.39332
108664.5825
6379.179525
40322.08042
44656.16806
2360136.773
41682.46939
139855.1437
52180.45402
85277.83622
62667.50824
120599.3079
68176.12735
61215.08509
101952.7715
43239.05775
42731.24785
41117.58920
49488.29132
154587.0046
29973.61914
46698.16784
67894.39271
54869.39695
74508.96360
43171.48314
59766.16906
57149.53560
29878.66863
47577.88920
52457.17053
18775.67207
41338.29407
46989.00566
28827.63526
51644.35775
21621.88914
145750.3357
47932.07285
45811.83026
32888.52542
51289.60897
51535.44898
59261.12248
123937.4426
17447.54281
32891.93334
54109.81771
44854.62024
154034.5667
53485.83002
54750.45116
48607.26490
48750.71822
86849.67360
60429.07805
68761.33282
29570.93303
72734.45608
58180.67150
62727.94917
87898.09831
49411.80767
40403.70038
64511.39609
108160.2086
69528.16612
52998.32799
45629.98320
53714.42108
40833.37459
45500.64326
135328.7764
56069.91119
61879.32535
87740.57446
9565.145367
54063.43399
56755.32106
165444.6478
64702.29539
120557.1813
37555.39108
67233.61633
39416.34778
96482.21655
49133.18118
26215.75288
56485.10894
48427.15469
48805.01417
39289.16507
50687.44213
31506.23033
93860.41469
59924.43907
50254.54537
45286.10077
83205.01633
60992.45060
Case #40:
400883541.3
496504069.1
443704757.6
Case #41:
62383.74119
198821.2256
43189.16143
56747.85657
7263.538354
37137.50921
1181109.252
60222.81183
83770.61687
13073.53342
9945.633671
608.2104899
59556.36875
52215.79368
47207.99651
72860.02519
25977.19035
103273.2020
50602.58202
296601.1886
4175.110154
18769.29001
9005.403264
237375.4058
21384.14127
57582.80237
16879.38841
35431.22525
334724.4542
25450.06965
108275.3319
53258.75670
14492.37824
6736.386263
42697.79933
20755.95889
98728.54676
15498.19786
61322.94512
60014.94373
28709.28678
185534239
3904.051245
58660.24203
16588.04602
34116.96286
47817.52358
106072.2366
89416.17475
16545.02118
31527.90287
27812.67740
56823.16348
52417.83696
2753.537228
201422.5483
22610.85573
40246.58047
40390.46044
150314.3451
40532.58523
117141.4245
53278.95587
61276.02359
160341.2123
44232.03808
21982.02272
150941.8171
45608.04513
38473.61679
1620643.006
73604.41698
49909.18277
48795.80753
97202.93856
53233.33945
66799.68100
54113.75945
87182.64129
40629.91586
65052.16588
38716.39133
58568.40133
57932.11763
243070.4529
142966.3037
35865.17433
184.3824354
278138.8513
123080.1815
Case #42:
158912.6851
213847.9077
79815.95819
309156.6429
124387.1612
204105.4274
68117.34861
96190.66347
387288.7196
329698.0555
129329.7637
139004.3262
413964.8023
9010.492644
35727.79067
38069.53660
111672.9594
62695.95970
132437.2631
115716.2542
18893.60199
231546.9359
85888.12259
37558.05749
448292.1363
56973.60972
160855.6251
322482.9046
902.9529324
8357.649787
596535.3744
37558.05749
443530.0810
109870.3520
72887.51568
440220.1400
685854.6168
63369.38630
282828.7844
85885.26341
11286625.59
60063.88892
452321.8684
106509.6971
988061.4788
144344.0844
78605.63880
451240.2915
414679.7623
260930.7759
206604.0413
70665.07849
67103.62265
9
22995.64468
226033.1524
118870.6282
213176.4731
9253.730333
758648.8819
90428.72893
28662.73286
92127.76336
231000.8662
99171.36254
507502.9433
129271.2242
7614.701512
116636.2032
187788.4524
177599.6794
82278.39294
77847.35964
192046.2020
95257.72805
178782.6336
74884.42951
62908.45540
94044.01114
86118.67327
146671.7746
124507.5571
26816.91576
96338.42210
13885.70533
149048.2523
148737.2911
53225.41465
20454.57730
100676.4917
38359.96913
22543.57093
655405.8921
46923.52910
132437.2631
30148.69297
Case #43:
1.414213562
2.449489743
Case #44:
31258.54220
21838.17123
20033.08032
37206.94016
205400.4410
7969.610757
10677.10106
11459.00965
985060.8706
12739.87058
11063.00676
21385.46374
19059.07557
6813.472277
13933.64870
11413.75494
12993.14689
3
17694.99360
20776.61736
109726.7925
4223.633296
23534.17185
16863344.60
20996.73869
55411.68160
19644.43829
21393.61286
6.708203932
23697.31985
3195.770576
10135.84341
14662.76230
13848.17999
6219.149555
19525.69971
9510.103045
88068.94660
66256.86205
15957.26698
17257.78645
59988.98015
39524.58757
19852.82927
13065.27767
15165.74037
17237.09824
27796.73749
2177.105110
31662.09064
29969066.95
50537.66886
56216.87610
17291.80194
23542.01903
16676.39114
31946.75117
19280.77576
15146.91335
3323.181497
32150.27040
30749.97280
69410964.83
4184.482147
2177.105110
16030.09416
630.4576527
10768.59941
21461.70522
5869.544758
141700.9932
44525.80372
127134.3372
27477.15179
6345.614964
14909.83559
6293.454622
763303.7795
14167.63920
25478.35124
28116.96046
15606.13538
11254.11433
51628.50130
12935.91678
14037.08923
65975.52363
9745.551481
22049.52542
16389.71003
Case #45:
38265.41802
430205.7866
16498.81908
22334.54022
139131.7434
93835.57022
24983.65669
11836.94006
Case #46:
161205.9593
56922.90882
220079.4155
127124.8155
122989.7872
124423.0359
82436.45511
239533.6531
460411.3377
88426.29661
165893.3385
200286.5637
183968.2960
109971.5693
129641.2224
137344.3411
153005.0486
190829.2794
247491.2630
Case #47:
91037.77048
45376.91293
60542.95907
3
370408.1172
33568.75124
1248795.600
776001.0528
2661348.726
14653.71111
193260.1357
74591.95166
30762.22601
42260.34698
169578.4528
96124.39585
44692.57033
60420.55680
45678.12094
66150.82402
12606165.98
33110.37366
164842.3397
233572.2080
82447.16987
112031.6461
68972.20661
83644.46005
Case #48:
20975.26297
170147.1002
31999.41497
188922.4139
5714.719008
8658.678623
4600.704222
28635.00357
15785.54694
46885.22431
14003.91103
11130.50273
273673.9794
17746.00392
7799.461220
13000.30837
38138.26375
15099.63209
281.5526713
26948.09942
11169.76767
27847.40654
27068.44186
19260.06218
10511.86788
12712.25248
12367.29420
104614.7196
26272.14987
16985.87423
12402.21664
18809.07689
5281.146225
77451.50731
6582.548015
17697.69082
9491.465594
6744.292716
10
19692.20000
6678.138057
17153.98150
6602
15481.27416
188725.8667
46583.26417
480622.1622
16833.98691
38294.43357
14297.57214
37552.97817
2579.101594
12885.27379
27238.03714
2692.779988
34627.42530
11554.51758
25539.08922
39426.64196
Case #49:
26505.77835
77645
56734.49815
3265.644175
7306.799532
47051.90123
16091.53777
88126.02921
13805.63032
23754.42014
36411.35012
14689.81356
81562.66547
38589.05392
48607.41470
10050.63599
33405.54734
63598.51021
27.62913785
30197.64379
50517.51806
41348.97660
268555.9392
166159.8971
26733.27037
38934.80600
28997.15021
27838.02647
64397.40054
22111.73447
18558.87171
8826.354739
297352.6351
25769.65064
18760.96905
258221.4663
31022.96690
17113.24538
13252.03202
37942.84799
127137.5916
22251.94037
97211.85526
65368.30435
7926.544289
111609.5480
77079.94812
16468.23576
4879.241307
59723.12364
20233.32562
14505.94567
30119.94281
136432.1810
1564.237363
18133.27375
27957.90024
80072.03741
40820.43394
32569.56954
41772.55285
52708.14311
26945.89744
59762.82923
65529.74065
13556.77655
33527.91613
125488.3178
24928.24767
41137.59188
3618.587829
Case #50:
5542.489379
160439.9251
38079.50753
4795.470197
21029.90294
29598.22992
38530.16123
23156802.94
21473.55527
13566237.19
302560.5807
62414.35241
3848.870665
26205.65894
27060.62461
31014.16921
19588.74111
45003.73134
38583.95019
10534.41991
20822.56156
53433.46949
2353.155960
101113.7649
110172.7495
33307.98811
15461.20363
19521.37670
4974.606102
52112.31503
249255.2559
32780.84570
14767.57769
11082.29490
137613.1204
24106.22917
18018.53409
25133.82775
34015.17837
6836.184882
24952.59183
35719.64137
267758.7494
83667.17119
34753.00052
70799.77663
52112.31503
21230.76852
37592.09582
294840.1485
41141.96589
33698.00563
16028.07069
14466.91132
64848.31532
18935.01063
13857.05982
13476991.86
44415.44537
56228.43340
874.2187233
28980.63072
5462.372345
159364.0340
2996.459783
93461.65116
121930.1426
28220.94679
26818.70776
26859.81903
7129.340054
92498.36157
1732.984304
284146.7635
22976.84432
38281.54105
65541.95606
26054.32824
26364.47955
280852.5422
286187.2227
35627.06749
6386.860856
122777.5575
25859.17379
32545.41368
2603.958670
Case #51:
50507.72901
19086.84661
3602836.929
183328.5145
48027.87701
150781.0424
4348.755903
212398.3551
15973.78626
15498.15163
47343.89067
147474.3434
15955.79534
784911457.2
347.4398700
Case #52:
4.000000000
364.3835288
2944.268426
12602.41611
4215.139417
9957.769182
11741.99677
3545.932638
38259.56675
3002.029458
1836.982838
20105.63368
7156.683622
2319.458232
3316.619431
44113.20921
1655.894771
7279.009849
13861.50890
2060.753682
11629.57039
7774.210533
4337.159989
5262.915755
10884.79769
5648.689298
37597.59319
6006.137084
Case #53:
9945.331622
25250.37398
19995.59741
39753.77509
11617.22191
8377.565541
11288.53829
20063.54836
20422.12397
26471.50526
19079.25030
26704.96188
33758.15269
43509.91444
8698.422375
24821.35923
23185.31629
136714.3509
35767.48861
12592.90706
21899.46294
7371.648739
12772.87904
58486.68771
7.000000000
26863.02004
27000.82597
11664.06728
13564.31528
7910.204517
22500.99660
9246.462255
31626.36945
9021.404525
12990.49663
11372.95467
8437.696635
1971.445292
16082.45721
8285.470026
17377.78658
15865.41789
86018.61845
61532.91782
57677.44591
30237.49844
11696.62985
8397.247343
63271.62453
38094.02207
12487.88494
13778.31486
32979.82354
14752.25172
23831.82074
14344.55125
12790.39322
200779.3636
25304.86165
18605.42377
76748.00022
13654.25529
62869.33655
13761.29521
19023.43373
16361.58271
18205.19142
15595.93811
21674.20809
32596.10186
12113.15693
11948.61451
26173.20260
36327.81645
15734.51730
39010.41735
20298.31190
17719.44021
32519.12923
26740.53752
12688.98600
19467.20519
22718.54707
16117.14516
33646.12855
18247.15044
18197.83095
6652.424771
17470.50181
114013.1635
41743.31023
44433.26375
11609.46775
20739.54226
27603.87307
20579.04209
14041.41654
11732.87723
30425.12997
14506.84828
Case #54:
66533.83638
56040.33157
57917.29249
295677.9532
7937.757125
45793.63625
11022.81535
98645.06284
109227.6939
1249126.472
59339.96508
20686.84352
17032.38356
65786.65279
188916.0997
31773.35718
62312.70138
137281.3710
Case #55:
553772.6208
63804.63041
63804.63041
13888.03350
7719886.725
63409.77841
236677.6317
657.9878418
101873.9724
2504.397148
252605.9596
64960.22619
98656.53835
123967.0399
49623.85967
4905.485874
140099.0554
1527978.745
2504.397148
777068.1873
146697.1337
132555.8239
101053.4498
7719886.725
30607.22326
30607.22326
45632.08731
2504.397148
24668.26016
103884.3056
13888.03350
236677.6317
24668.26016
Case #56:
67523.08173
751545.2355
681.5900527
1519696.420
132077.1885
338095.9619
718466.2855
206723.8073
232114.0456
109062.9838
116.7564515
63874.67976
248411.8222
21341.35239
239626.2739
403734.8414
403955.8461
255210.0508
484924.1289
54203.37509
572873.6470
38810.37065
206539.0943
126949.9258
233281.1263
182144.2090
15768.73964
115296.2674
279362.1829
411781.3691
286237340
1630798.268
177472.4780
428939.5858
1648026.405
65789.25960
126739.7035
965890.4929
159097.4628
557265.5357
246156.5543
293707.9227
473079.5216
37661.92879
386244.5399
216983.1733
435755.6433
552290.9380
438.7970011
172035.1371
662805.5558
1314188.335
802856.4911
1030918.499
197073.5168
468015.2963
2446680.485
129986.0287
75908887
1011185.028
331319.7389
11088492.82
159000.9103
50439.89350
122407.6591
5655420.987
417894.0907
525176.9849
162686.1321
554426.9407
223308.7049
136465.1507
76344.44156
348209.9744
344217.3719
404398.2724
Case #57:
55652.25072
18549.57299
50154.54398
62037.70758
205.0420704
1142827.246
12297.02624
64489.43502
177935.5821
18758.51668
71149.35839
17989.74587
1472.533570
526.2893753
16735.61527
704385.0885
14691.65030
9775.540799
44581.47230
57849.73034
83708.79271
712945.3576
72640.52514
33130.09288
15825.14617
51522.00850
85124.13474
5883.116056
27371.26179
9516.193433
4036540.871
19591.17360
61875.06219
3615.553576
Case #58:
41592.56170
46383.62639
30694870.45
80213.91301
45601.61427
44385.94495
46065.54105
42442.18140
45204.64735
44593.45817
96662.32317
48725.24674
57067.49217
56812.47484
50491.21342
58172.41750
51302.97484
52233.41447
37833.46053
45113.48694
34006.55782
44963.43625
57366.83543
44937.05996
76249.94187
48066.36539
54083.33735
390863.8875
45025.70766
33893.92959
79621.40678
32890.01823
24476.19977
212.6805352
45804.96006
105429.9810
38529.88677
1170.253785
64981.33018
63008.79086
51951.50745
55516.92884
51918.27949
45898.38546
124546.3112
49334.42565
41818.37297
57999.49147
55730.98874
52277.82293
48914.08010
39567.01628
949364.9414
36330.03381
62488.03718
41845.01211
42135.16736
44759.23652
57875.63029
43488.49146
66676.23159
52279.16043
43198.43070
60264.15016
43780.93096
38307.21721
6995.467064
36594.81563
61034.60634
36309.82542
51382.72353
18581.47962
41342.98521
48300.09160
30899.16790
31337.18787
125328.4124
58104.91546
21261.48167
62601.51723
292653.3007
64775.58567
44790.10156
43507.97137
337674.2279
61799.50808
51327.89890
50151.98650
96404.28437
49772.54573
48505.84566
30834.42447
60626.24999
50679.30653
67757.41683
31355.26832
62607.59312
54830.03328
65413.88132
42031.55964
Case #59:
5666.559093
13063.03174
49298.72297
1395985.933
897567470.1
8916.026920
9515.046954
342.2719502
1594366.712
10335.66447
1741.125137
7832.342956
98343.21730
7702.273667
21030.51243
15318.46378
7261.882598
2394.207271
75711.33153
8464.527237
15460538.88
29223.41892
39659.71070
1094362.782
25273.84658
37600.21883
840.3196859
224775.6484
266149.7486
23830.91400
8184.237504
66903.44709
84270.84753
170126185
18438.90010
56139.13806
3945.762164
4182.703019
62533.93565
8476.119874
13697.16882
19387.85186
25140.67973
9139.147971
8184.237504
21794.90453
176091.1157
51787.81052
6546.432424
6825.315791
42029.92991
347604.4012
649637.8064
2560.562905
664.7743587
280371.3217
52465077.12
42765.01086
58306.24980
50187.07126
47472.07021
11568.08831
12445.24130
60856.95980
42029.92991
9809.915278
11075.61488
409622.2737
22827.57899
9662.665516
42078.48754
33147.54055
1031168.509
35048.07261
21624.23508
Case #60:
39527.87607
67862.44107
29459.87614
35552.67836
68102.99075
75787.89619
7038.981347
58159.79714
39020.74604
41871.64142
35050.10048
43195.99112
1107.440053
59834.62840
50718.03131
46861.98010
50621.08404
46640.93726
101331.4435
58072.03072
20092.01444
24442.27145
53244.88230
109920.8067
48982.14855
41179.96412
50352.47413
47013.68867
35376.33768
59369.55260
38702.71041
28523.43971
49812.94076
38453.31031
58559.52737
66111.51769
42218.49876
33897.42512
31925.83689
70833.05147
69859.09957
828077.4803
56657.24146
40327.78008
25506.97944
38734.51516
44517.93056
43534.24499
42149.59128
66946.93998
38439.93732
41086.44838
40959.77727
25667.19561
41521.99497
38148.81088
123339.1417
41549.66221
26687.72488
39637.72915
21578.86307
27491.89750
56894.11871
35817.20152
36037.60160
61145.91732
39094.54423
1008.679325
1206431.354
52168.08625
37000.40589
67910.87726
42645.47896
55140.61785
38771.17335
42865.83312
12540.45383
76402.63077
49111.44309
34804.73547
47196.44315
45964.72736
45184.59450
104113.6787
35767.57315
44178.50401
46327.52242
171229.7326
42196.79905
21999.99977
41160.38061
40888.82103
66865.86803
47896.35215
47033.65998
25055.61989
437040.5740
24390.43314
130482.2077
212211.5331
Case #61:
1
2.000000000
Case #62:
48875.18444
29221.81297
35898.72121
38106.45183
43452.28697
45227.48093
49946.19368
55948.14167
13973.61935
51016.83532
35569.29402
14650.71795
34900.94042
43112.64069
41026.39332
39830.27071
77584.59422
44362.79080
28346.41973
41230.21969
33498.63156
29691.61340
35845.82453
32776.31886
39311.80241
33779.40537
48352.71834
18288.43944
47750.24696
38349.73387
30823.94966
18954.00012
428.9363365
40975.62642
20777.39146
34979.16682
35336.98975
46791.07484
56863.54535
37922.28276
38535.53314
39970.58805
35317.91673
34867.41269
38421.82522
29370.80318
48412.07262
32165.88346
14516.21352
39587.80304
32310.36887
6563.518023
31633.58287
35554.11726
44464.92396
31548.39692
10740.66640
10805.11154
135131.4477
39844.99096
18915.33117
60207.47947
34626.74987
35850.90969
36004.37719
37465.34180
12487.94791
34531.53528
54345.74005
34776.70123
65701.20966
31340.62665
40247.76445
38473.72000
42612.36221
32973.77321
40639.41217
44812.65717
68067.91282
9551.554837
22832.56503
41685.04114
919367.4361
48772.64629
34218.09393
34536.03046
8173.747070
43130.99042
30493.58463
27364.06186
143372.5522
41228.55808
495768.9211
188747.4091
34529.75902
33022.26807
10261.38428
32198.00833
48540.94624
36252.15097
Case #63:
44467.82979
10874.25285
43003.18355
3127227.908
44214.34923
24747.20392
6145.890165
1608697.965
42591.10523
1063498.051
16399.85866
9104.623765
10044.68578
13760.46817
14555.60475
54271.37858
47174.44572
4952698.196
3927.767146
4161.220681
6652.821191
11555.38961
47918.01144
26202.72321
7305.983863
47891.71766
13594.22521
74739
17232.03905
27245.60634
33841.30101
39807.63962
11254.55623
143309.5950
76832
22875.57352
136.6336492
24153.09820
46088.29202
22280.85312
10353.14908
35467.19780
Case #64:
16056.32239
118967.6441
2195.327244
315895.1061
160995.8733
783.1743642
11018.78734
1986162.977
1596.390480
418.7414811
34689.82467
553.6044033
1038.966633
37751.87611
82795.97546
685.1475330
52583.80545
56036.83243
3669884.329
43863.40463
5647100.138
148790.3132
21607164.14
3967.682425
3638.828649
5410128.447
7816.061089
4966.550201
2531.771488
88899
4502.753098
48754.77066
107640.9924
427027.1757
12272.93714
99735
1800.291963
1050298.108
30602.59247
14783.27740
30602.59247
2044.060813
5999.201534
10525.32776
Case #65:
653458.2635
4067783.884
468107284
228089.9285
379425.1333
65874.93106
100727.3302
50281.96623
60112.33835
349164.0789
64020.82545
134767.1232
51242.25863
56039.29117
189072.5424
146260.2443
7234506.783
4354816.919
24277.25159
86213.59010
210114.1620
51682.25880
82230.35181
156429.3192
19171.72560
388522.7123
8512.763498
63527.76568
61929.32336
853311.6516
52752557.95
104874.0740
1984418.100
79486.97802
529285.3210
238644.2596
585368.6860
1077237.668
79583.59651
79986.05451
490164.8752
912.6609447
106032.6200
275789082.0
181173.2852
893552.7037
733059.0449
342142.7149
3683.525004
211418.5586
112721.6663
69295.03206
4354816.919
160152.9236
75091.18325
174363.0187
10708
1254849.392
824304.4498
186173.9375
104874.0740
5847739.924
Case #66:
1
110648.3768
11315.42889
22409.40231
18004.51314
33247.18693
11674.88954
11543.33508
40862.20046
78488.31227
51723.46704
52205.55051
79504.37990
14677.57661
26192.48047
17514.05945
29966.06115
30398.61944
20847.23291
27550.11113
26340.34132
18620.42430
32739.81489
41222.24642
7687.927487
33387.04072
20799.79208
17590.20012
367760.2931
32216.69872
54233.11690
34800.33295
60478.22739
27862.23031
32827.19189
32635.58656
33314.71486
31007.41384
34251.62353
16615.58126
12557.89205
10113.50024
35095.84081
114719.4041
1174.966412
29009.92559
98935.00749
31399.64560
19699.19570
29635.65522
2573.605765
140808.4847
32489.81388
32002.69381
27815.45466
30957.15218
71937.20533
18542.77743
5755.977028
61381.15271
13371.33062
571701.5209
10057.74089
14613.05995
3814.822761
32256.07015
25004.92803
97118.12775
84185.04342
71566.59086
15651.40077
13914.67103
19304.85953
16217.35929
11401.50015
39986.08008
24351.82770
Case #67:
1073.328202
1053391.115
888.4543470
463.9381905
4259.154349
60023.56774
7
7755.254228
3959.845202
362.3546721
98846
3099.246241
919.7392114
919.7392114
3959.845202
1053391.115
34880.89787
831.8184898
43603
3099.246241
1958.104960
43273.55276
82628
40.78770623
346.4781891
3739.838619
3054.992127
343.5694981
73.39610783
4259.154349
66980.36942
297.5399133
60023.56774
1842.305743
904.4655159
43273.55276
10880.11997
70.74843189
3054.992127
2089.127797
40.78770623
297.5399133
208.8133138
4259.154349
58050.21272
27.19442930
3404.508890
1426.966906
916.0784250
800.3715409
11052.79361
362.3546721
8
208.8133138
1533.020175
85.25689291
800.3715409
1407.109287
1053391.115
916.0784250
85.25689291
362.3546721
1682.926796
1407.109287
4402.256131
208.8133138
66980.36942
34790.21119
904.4655159
3099.246241
2428.541264
3
2089.127797
Case #68:
138529.2551
228461.7640
20430776.30
24189.27940
94368.01301
5249.268230
27313.48647
26915.97757
35471.73523
28092.26321
1628.488007
68157.97712
77195.78549
33932.52658
26453.14569
42335.14866
33322.76586
7813.899127
9408.162468
2490.632552
15970.06496
24730.65369
30188.38327
29921.91635
9176.422142
23598.01367
97234.62433
51187.99278
65184.29131
164427.7988
338109.2463
9899.748708
7727.485751
52947.92984
17919.01315
42670.38504
17491.62664
89497.44585
29.99181776
30714.10639
99174.82976
12527.89077
57357.51631
9614.567114
20770.58606
126229.9989
11923.57920
106860.3012
278580.5519
13258.19982
137277.1188
30758.44099
20692.40506
76778.49741
Case #69:
60626.59860
63888.90949
75744.53723
4555.564305
33474.49422
903891.5889
30652.15801
31408.54905
33549.45589
2334.975872
517.7854183
283908.1848
322620.4941
56320.92250
18786.61354
68356.63513
15869.44858
180266.8036
78396.00583
42842.53346
205809.1037
47597.93060
112233.3164
84742.43283
38067.30053
15137.45068
13939.90071
24241.80043
3486081.418
22532.51244
28613967.16
99422.87123
195638.9618
181554.0844
55996.24167
108552.8372
35512.96189
5130.389135
127.3539762
11337.07132
49127.52156
24384.11343
159000.6147
8837.437831
35641.06992
11254.83378
15564.58534
40428.08962
12357.91550
21967.20302
73312.61724
2239.638015
67156.72350
7978.382794
24090.86033
38341.91296
13045.75975
105093.3880
8562.055898
35676.86141
56613.59329
1096247.471
30861.25821
50411.21747
175407.5958
7962.054917
68764.12379
19242.73330
96774.58002
132601.1161
2444067.657
22757.02644
56299.69222
18201.37566
32571.69045
20703.16085
27103.36781
22248.53774
333514.9854
43360.00251
79804.83060
Case #70:
999999500.5
999999500.8
999999500.6
999999498.8
999999495.5
999999508.8
999999494.6
999999492.3
999999498.5
999999509.3
999999499.1
999999505.6
999999502.2
999999503.2
999999502.3
999999493.8
999999509.6
999999501.8
999999503.6
999999504.7
999999496.5
999999508.6
999999510.7
999999492.7
999999502.8
999999509.1
999999497.9
999999497.5
999999494.2
999999493.8
999999500.9
999999500.3
999999497.3
999999494.5
999999494.6
999999501.0
999999495.0
999999498.5
999999511.4
999999494.9
999999508.3
999999509.7
999999498.4
999999492.3
999999508.3
999999503.7
999999493.4
999999493.4
999999498.7
999999502.9
999999500.8
999999504.7
999999506.6
999999498.2
999999491.1
999999495.9
999999501.4
999999498.1
999999493.8
999999496.8
999999493.9
999999492.7
999999497.9
999999496.5
999999491.4
999999506.9
999999507.0
999999494.8
999999491.4
999999497.5
999999494.8
999999502.1
999999499.8
999999506.3
999999499.4
999999495.8
999999492.5
999999504.7
999999488.8
999999497.1
999999503.7
999999502.4
999999503.9
999999501.2
999999503.1
999999501.4
999999504.3
999999500.6
999999497.7
999999502.0
999999501.1
999999499.0
999999500.6
999999491.4
999999491.6
999999505.1
999999494.5
999999498.0
999999497.2
999999491.0
Case #71:
10353.37640
16213.29421
69337214.47
22133.57688
18562.31153
17678.82294
1821.119535
34818.43500
10325.89766
48908.53254
16852.25448
10325.89766
49646.17925
29650.41381
21240.71696
21701.00570
1767.628198
4810.146257
1069865.815
46418.38009
24917.35044
40668.14095
22653.55645
57745.06320
12584.74499
368156.2178
46468.91342
32243.30387
7127.801361
22433.08208
51177.83877
40964.59363
49408.94532
1463.921055
3340.591759
12584.74499
32242.80360
16995.78799
89861.38458
6410.988329
46468.91342
17694.08540
893642257
8322.779542
20642.00137
16694.56364
66119.31044
14684.68594
9124.185013
20044.87551
34398.26821
15101.77203
Case #72:
4299641.751
2565.939533
2434.637508
270491.5254
865714.2657
8596.435540
5610.282342
28956773.71
19048.74547
28732
Case #73:
6800.575416
20958.85204
44109.44033
8696.951963
67317.05256
60952.17047
63148.66666
34946.21424
49005.60376
37610.73460
45097.80727
54947.98441
72837.75298
60624.89696
63582.67766
54161.77299
42265.92246
59368.33026
67261.53056
64830.23853
35898.05608
55929.13076
76954.67170
193236.5900
66593.31753
45158.29665
59904.75212
16716.90579
12884.92028
52713.78668
38939.14695
16281.84352
61754.43670
46348.74139
67605.58037
66978.53228
55817.35838
120239.7337
55142.64541
102977.8542
221926.0364
139091.6482
28579.19370
65668.85527
68726.66987
20490.24586
63600.47446
69273.47186
60306.61070
39710.74309
50922.35478
47011.16833
35998.10214
61875.13474
58415.23076
59077.02229
55445.50797
70325.21649
37740.33470
51309.11037
51598.65659
109590.0730
94198.02955
79980.49098
32267.89271
36518.42443
37747.64632
27369.16839
42273.52708
79054.18741
64171.39432
78076.95807
2643855.740
64152.67331
70666.46824
60083.60096
67938.41036
29344.76087
56054.43474
41419.69294
68064.03351
12423.83660
78800.05151
67241.82007
61621.92821
43027.41610
38955.19617
46244.25943
63087.62199
47710.54540
46448.92072
43937.00304
28545.36869
21513.04327
77720.91987
70340.07274
97169.58137
55558.72758
70717.81894
38240.50578
Case #74:
28220.47055
69403.95936
20973.46826
32601.44384
32334.41322
32221.05035
41923.18847
67102.23032
12255.65380
40708.66910
41303.09252
58190.08519
39941.50990
65629.46183
36788.71076
17407.87824
45279.48114
42458.13835
40264.55984
39364.49242
34506.50257
6839.801222
41751.24265
55048.92818
26235.24670
34351.15759
90027.08092
51250.04744
67232.72565
19717.99194
327903.8694
59687.63447
2162.977954
64154.03949
34606.26871
45589.05132
39691.13105
158381.6729
48569.77843
61948.17337
27612.09211
39208.30325
35313.38329
45699.88725
37481.36235
69639.91447
70436.19793
51159.02578
27159.98428
45473.35944
37435.48348
29148.92226
38040.82948
31569.68408
27275.75443
50037.65096
61933.06848
35603.84141
13377.45283
28418.57317
29397.95316
52689.31415
564263.3269
45846.09907
44437.34312
12027.73569
15793.27961
34075.70177
44884.14724
32031.90149
76370.05006
51469.17597
20717.74463
87285.80079
36668.71775
38696.96658
107398.4082
28174.58101
21330.62294
26457.07440
35251.35897
64135.69653
855.4018245
37978.58969
43134.75964
39150.94429
33743.72840
29568.55391
39066.77470
28960.27786
28374.85319
31915.23354
37694.33629
49119.73794
61761.79953
29652.84078
111505.4573
32643.67078
70642.20956
49162.15505
Case #75:
87186.54287
63353.47632
49538.77519
38920.29979
105195.5625
9167.360372
80012.69061
68732.15965
39205.60494
480336.4647
6112.875112
71896.26181
48234.38292
78616.54132
50341.48485
197953.3698
5881.630566
48703.61135
49383.33393
12562.28565
90040.08391
273377.4893
382.3953166
115992.4211
341.1453319
107130.9335
72873.90732
105117.5533
45527.32740
147767.9881
6873249.691
19372.43284
83107.76874
58713.38364
21354.88957
1810.269023
479193.7248
48273.30039
44.21264148
30512.00467
24717.90879
62767.98595
80012.69061
131394.6822
261227.3783
116704.5758
160302.1633
22355.15949
122888.8655
20708.82435
24763.34519
176129.1829
7073.821226
110063.1127
12934.63032
16930.53139
28549.61459
21714.16961
107675.9293
77041.55816
58489.93445
41808.92973
34378.51346
18161.48031
234253.9617
63547.87648
646.7255987
406655.3688
33201.98566
21171.66632
46323.56046
77242.95969
58277.47245
78235.85896
38496.15047
376075.3718
22963.72696
Case #76:
139232.0181
400908.5897
387420.5462
170563.4635
938162.9592
1315335.106
64677.62704
40473449.09
1750.894998
159949.4831
450640.1134
923145.1744
88924.86704
257194.7057
1547582.980
390527.8141
1194868.956
537867.0888
210534160.2
28808.53166
206017.7719
41741.55500
Case #77:
56007.08936
76757.29423
47511.02073
99691.42303
29489.91061
57883.75515
46089.31933
161892.0465
31799.80999
279197.8698
51763.11955
35366.01959
52712.23978
956412.9804
51185.31880
45169.84507
44519.91322
55342.56610
40787.80172
52768.22632
53379.75787
37829.32603
47554.17469
40295.91432
49943.21161
47490.23246
59291.34508
45796.46025
83049.18816
116638.4803
46458.02946
49263.08699
46295.60208
57961.96738
50008.50247
42472.73415
59588.57074
49538.03988
43901.71943
55344.14701
48892.77146
52127.10377
43372.58873
425617.1765
55467.67734
49100.02373
50588.92442
42431.26535
52160.53614
15919.88273
41766.08316
46501.42747
45502.52350
39369.97442
54199.97179
64454.17258
48091.82581
45054.65324
44360.48070
41192.48641
47058.85297
60458.92099
52696.46636
50809.92779
47670.23821
9460.720297
43835.99882
47162.08370
47151.36420
47768.99062
34143.32822
46456.88154
60076.33873
44504.05654
51263.07024
57630.21805
51927.34883
47431.01535
55855.00579
53260.07661
40542.70843
188080.4803
41271.00377
57548.40157
53233.88509
51114.89014
47238.20947
47563.52374
40962.02736
50608.62087
27126.00802
51953.31418
54078.24243
67238.18911
38291.18620
38461.35479
82829.65125
56940.92737
192369.0804
45794.38318
Case #78:
37008.74697
159138.9637
63620.84381
10712.56289
102607.5375
15555.24627
7868.135086
85418.31382
236527.5467
101245.3378
251705.9818
481356.9829
76091.68669
29546.33713
25751.66195
26288.60549
Case #79:
341534163.2
146207510.6
97235.03177
146207510.6
207353.1162
647712.1941
255.7476683
282002.5494
598864694
33797.84228
28163.44907
5
242855.3828
101292.7136
42012.83560
17633261.07
934184.0375
302801.6397
233931851.2
5239
111032.9929
4176.522701
19041064.44
313015.2670
67518.58692
377845.3850
5.477225575
90165.40028
23421.13700
117129.1626
1021315.062
218046.1211
544173.2611
280524.5201
330435.4813
250628.0080
488403.6045
250628.0080
207353.1162
124457.4339
Case #80:
150848.3166
109699.9501
358.8165125
32563.03404
185117.8786
17610.57082
248971.1921
380.1789053
298860.1828
42912.78204
136342.9334
32070.65067
96323.25304
113949.4907
Case #81:
29496.22490
47069.34919
3864455.077
71567.22047
68632.05083
20000.25190
40003.05223
12350.13417
52180.09625
8703.081316
52471.27356
134.7516234
81262.50976
95767.62433
38398954.70
6510.915373
22139.05162
25447.27828
8871.168977
31351.67154
112147.3543
50331.90125
3393.616702
38434.09020
58161.16984
12965.83918
16698.01640
29057.77217
27877.18492
114445.4194
93.80883509
68295.31080
7470.823265
31626.07661
31094.15663
767995.8834
21514.25089
39670
18430.26781
5052676.961
28976.17287
22416.58193
381590.7943
8757.453299
32518.23840
21942.48830
59350.07607
83634.50202
38918.37429
80973.39010
50060.05459
Case #82:
46128.23858
36126.16439
63446.62143
38513.12332
63698.99647
27289.64428
41961.63471
81346.91874
46711.98097
41442.82001
37334.31752
29929.62509
29840.13142
25731.27267
199060.4072
37215.31151
47151.56105
56318.69916
109345.3195
43617.00934
122268.0379
53082.54284
40548.06134
42080.19633
8582.681898
189874.7911
51012.20062
77828.65275
39941.69187
71601.42298
15381.61660
41340.22792
58522.70584
31648.13104
38894.03592
48936.45860
46155.50334
45596.91525
32792.00446
35583.21392
24299.38589
38230.71373
35141.16285
84700.19214
54660.18369
42349.91839
61894.30173
39193.47461
39646.19727
38877.89740
30628.85702
35903.54025
63125.94728
80751.05768
34282.75076
23376.54652
293790.4927
51218.67081
55489.83709
75965.17862
47639.72507
44549.35740
30579.90817
44853.75796
49835.89669
43729.29459
42164.68131
42334.64217
51743.12081
45878.71537
79253.52865
46838.19646
36495.33534
11424.06861
27690.39355
61378.71217
41726.15645
2609.998846
34763.05576
44522.26558
76588.30913
35245.87615
130713.0446
47231.12737
73713.69218
42237.04757
36349.45170
63244.39484
57135.44237
38241.42624
23863.39489
33118.44515
37787.30231
40383.84432
44542.48469
46194.74392
34592.81432
166658.9709
53233.09975
43699.66891
Case #83:
26087.67580
26708.31876
36060.86298
7289.268873
74085.59094
35538.64468
38291.99215
22983.11501
52240.30294
28562.57620
42424.97480
76015.92845
41786.29601
40801.93072
45420.17845
46977.25725
74621.43020
6494.406803
50303.24863
27153.44855
66400.37096
51323.43836
341216.9211
69580.74390
32926.60775
44712.56905
69824.85902
25661.22914
59122.75609
27468.76862
40125.48590
38864.54391
41943.90006
26039.53331
48316.96750
38587.67146
36628.93733
62402.79693
62684.29474
40565.35848
38782.76208
39748.14151
46749.13576
14587.68496
10569.16952
20346.83724
26192.46610
42913.18316
96423.93379
25868.88576
32416.00074
37134.68111
50597.97855
39606.38818
40217.20821
43233.26913
71114.31271
50416.52323
19585.91613
74147.37343
35718.42648
24341.54978
44148.46294
20488.53047
29125.77689
22895.80664
504159.6195
75878.88671
38715.00497
35934.83348
12811.80085
62145.69118
37559.84813
40602.20494
24890.15057
13889.25123
165738.5934
73379.70824
27295.46159
47523.24104
35693.60552
28332.17694
30046.25373
62349.80637
110700.7796
47057.96900
25980.40680
38806.71151
50880.52866
38631.68575
45043.05368
52237.30972
60355.24181
48743.26204
42388.54521
99681.84421
23976.06246
8047.086035
53297.97581
23061.06509
Case #84:
1000000000
Case #85:
10658.09024
152382.8925
47092.46924
77966.92609
232262.7744
250194.0354
26978.12144
62045.87174
29091.59198
39355.90670
11087.35884
77572.40852
97082.08262
22198.88544
26443.84574
17849.79552
115740.6929
43454.12403
50981.61018
97845.31910
13581.48541
487.1773282
22669.51447
65021.67684
24535.31621
93386.16404
124027.8817
97843.92027
123715.1792
34149.84935
3440.795106
4676.154140
22565.81892
8672.931493
88324.00625
8068.718062
12924.31767
44071.14372
43101.75259
14682.83727
36285.73456
116612.7260
29287.71240
222126.2296
156090.9255
97770.31268
15045.55884
132624.0537
41919.23997
185074.5460
74699.58089
40554.36109
106208.7329
82767.40345
9951.705760
20424.08348
97441.72574
76190.94805
113431.6447
75419.35181
170358.2949
23950.64412
97776.15084
5216.752016
355256.4538
21236.72033
65720.89142
Case #86:
1612283.425
123011.8247
17814.04358
270998.6964
540063.7362
43076.73024
1084880.960
69492.80920
11330.86857
9396.894592
123011.8247
73806.78048
95.88643975
2596.544089
44616.03067
20156.48880
175271.0744
75913.95909
73806.78048
99354.69693
328.1842139
69400.45983
328.1842139
35942.65137
871.6297282
32356.79281
Case #87:
17321.95750
9681.141226
32632.62005
21823.20324
64657.36057
31739.64636
9521.278371
46028.12782
22190.76807
7373.327606
49829.53875
40824.76195
24607.92576
10307.05366
46611.61783
28837.85509
25855.65305
30306.89983
24724.30742
30600.80706
72218.01971
29919.08279
132663.6892
31397.01243
32420.31691
24863.98324
65878.09347
11145.75045
26518.02433
33323.69299
69790.65424
14015.56221
21872.10771
27540.46440
39909.21637
24023.70643
22332.60630
58800.30842
34525.13152
17938.97051
27246.05491
26214.20594
92554.02997
21095.31267
19630.27577
31929.57121
84010.11769
31506.99614
44120.69357
37100.03138
67669.88309
31900.57103
16847.85356
15609.90775
25261.93747
31900.13431
23601.84461
18999.84240
592342.1292
76065.63780
31175.82529
66962.95120
36896.79135
23031.10176
31946.30698
20062.87244
37714.48883
25133.03380
26042.35753
23776.43132
34189.46473
138740.0147
33690.80397
23607.35536
22812.89451
35595.68619
26542.05025
34973.48027
26054.64179
33916.42268
10832.95728
21802.17353
20542.61930
7911.568996
28932.31451
21732.77780
28223.46553
36017.80028
14132.89807
29651.27430
30517.07226
22716.96201
28686.92741
58785.95628
24835.06380
24262.14436
11525.78798
29419.57001
15936.42800
15221.47007
Case #88:
1041.716055
1082.235293
2269.604572
1959.926941
15006.95729
1300.603594
3237.581500
3473.970172
668.7782216
Case #89:
2806.726859
56873.16953
114259.8418
77779.35171
24383.41924
47043.93611
54123.45487
34977.09849
1282976.477
25043.73211
73071.85641
899332.5293
20257.43738
54817.95319
2620213.436
7853.133836
8578.617791
12629.34528
469.2632451
39086.49114
38871.36177
146449.7034
13474.06853
67850.85180
73678.30671
55010.30027
7392.463836
82058.48988
42625.56925
126941.5267
48558.63639
7174.152081
57684.52572
1215785.042
43270.80536
64825.90261
60222.51497
87506.25626
45901.21761
40236.69271
122002.1554
209620.5447
63645.87446
Case #90:
8290126.696
290325.3584
151950.5943
23795349.47
210082.6580
714531.5619
571.9440532
96417
146988.7388
391792.4666
79.03080566
6044661.430
1024002.083
214817.7721
276760.6228
83006.04660
220051.3453
5451956.576
52372.06787
864997.9820
146016.7908
1241289.422
559325.9566
294801.9863
1650516.267
87112.66216
338749.3034
658034.8139
50520.49354
1510797.166
485626.9984
338650.8426
6044661.430
68858.46836
198121.3985
161504.6354
214817.7721
934532.1280
487720.1152
4134.837887
3258545.376
Case #91:
33034.88013
5250.592659
13793.65881
49782.54309
7726.566228
4912.618123
12078.77070
22067.33051
14111.90276
8426.361973
14921.75196
16231.40681
8938.833589
5921.631667
7626.882137
12863.07483
15664.71808
7991.612224
11721.55426
9341.289616
10651.09486
7454.336334
12369.04299
7453.754802
21828.82519
8372.837882
Case #92:
309751.2808
754806.2245
3168674.616
70365.82168
224994.0599
43975.69138
88479.46916
83632.59240
21512.92169
515094.7348
1783421.697
294981.6936
3347345.592
66963.12208
11868
201271.7371
248878.1848
32533.13478
730354.5552
304426.3803
352330.7723
342723.2770
205049.8263
160829.7791
171362.7936
878889.0701
1154199.703
102508.9548
434659.1859
1715649.969
41818
348114.1034
338201.8261
1449513.652
105001.8433
89034.19286
120042.9512
1156226.739
878889.0701
201271.7371
222210.7626
3796508.066
89034.19286
371837.5965
32312.18765
30294.73363
176699.9563
388365.4355
660950.3284
1449513.652
398253.8851
289877.0020
697245.1992
Case #93:
28955.80200
124241.3961
1549.918319
43815.59333
27856.44821
2389538
262.5638594
110392.2350
410554.3329
636.7990264
5088.306688
45245.02758
10425.62822
102794.8509
6434.530279
16749.32117
177341502.0
43348.77715
957087307
36181.48193
1437.806138
3448.748323
513.4209083
15451.21835
84177.54398
210509.5091
581974496
23369.25097
27068.43754
40591.08584
21651.02048
5722.739520
46571.55104
44219.25663
16705.85705
14833.37459
30447.19581
10
5088.306688
65739.21952
398877.0344
25233.31773
99176.53380
Case #94:
2470605.154
424758.7293
199234.4919
1803.961171
469343.0891
527910.1257
810380.9404
1053978.596
Case #95:
20860.13061
141194.9262
75526.92923
91605.17099
37246.01691
12205.11611
31922.38329
Case #96:
25409.81195
829055.9861
Case #97:
165044.8064
242988.0071
11442472.73
285086.3384
213.9401146
267629.3040
142933.5089
107384.8292
693175.3757
158511.3304
373734.8826
3038.763483
1939288.536
84905.29473
264187.9955
1994140.925
1162001.529
126052.0356
359921.9757
111178.1794
165459.6995
141165.6185
2079331.084
227029.7420
48488.28134
105937.2573
2377058.965
3691.771981
323323.1887
354970.2436
624131.4955
6349688.085
267301.2246
192808.7770
365236.9747
2207234.897
612750.3949
202107.3143
104475.0475
186270.0666
149514.4329
809816.0658
275891.9648
382193.1497
26448.47763
881362.7602
193656.0471
120289.9248
97614.68832
112187.0964
81002.82594
42585.19091
415761.6117
280015.3070
881362.7602
91453.42799
Case #98:
16703.06396
20812.68502
23714.27245
388268.2235
4896.165179
17062.72903
1423261.979
223434.4354
24718.36881
32379.64222
42337192.61
63827.31335
18052.31304
769357.7710
10577.99031
40825.75112
38899.67178
460.8984421
22319.16109
12050.67443
3902.177548
34428.10964
8683.982026
405538.4731
73859.26524
20220.19924
18625.14856
1087939.507
19185.50581
593943.4481
32298.48981
42915.99718
470227.6566
35172.56758
31723.99905
10584.51937
47185.38877
10179.37677
18507.11894
13791.55143
44359.16910
11216.10910
Case #99:
39602.56110
32564.38076
30882.37764
63055.29813
24999.81493
24374.57149
54413.91140
2113481.790
46129.09399
37666.66945
861509035
160076.1260
31370.99170
45275.67365
8976513.956
6660.224334
262455.8330
35567.99884
129968.7648
43349.20495
14596.35407
37313.07062
31811.58258
37920.60482
20489.96996
26225.11767
33629.25430
42283.89752
18649.47190
76208.87128
5512.080913
25369.16090
43343.09934
149237.0254
93734.59381
20508.44734
36493.29873
1435.422225
10739.24196
110431.7844
36849.00729
4847.065974
28175.69557
28260.28186
62323.97973
55706.74007
43156.70616
36266.83415
18083.40097
26559.76259
51569.81174
66576.66195
Case #100:
57202.71459
58403.71803
1381954.307
1129.761186
25985.57735
79339.68662
26578.31908
35790.91679
16746.23147
25625.10528
67701.76481
312094.0239
16333.17507
52986.37408
14330.33537
81178.08439
12483.27802
28820.42675
417035.7729
93635.21001
52083.78461
15509.68821
17327.57970
42005.66502
88011.20259
1434.794389
65395.67616
52070.46639
75961.31271
26048.54990
203038.7673
42605.85057
58063.71111
19852.08024
225186.3703
13332.22672
213314.6796
25025.91588
780163.4654
55798
